[Documentation]
information1 = This file stores the OID assignments for resources defined in this IG.
information2 = It must be added to git and committed when resources are added or their id is changed
information3 = You should not generally need to edit this file, but if you do:
information4 = (a) you can change the id of a resource (left side) if you change it's actual id in your source, to maintain OID consistency
information5 = (b) you can change the oid of the resource to an OID you assign manually. If you really know what you're doing with OIDs
information6 = There is never a reason to edit anything else

[Key]
StructureDefinition = 11
ActivityDefinition = 1
PlanDefinition = 9

[StructureDefinition]
AcceptableOffsetRangeSoa = 2.16.840.1.113883.4.642.40.224.42.1
PlannedStudyVisitSoa = 2.16.840.1.113883.4.642.40.224.42.2
ResearchStudySoa = 2.16.840.1.113883.4.642.40.224.42.3
StudyActivitySoa = 2.16.840.1.113883.4.642.40.224.42.4
StudyProtocolSoa = 2.16.840.1.113883.4.642.40.224.42.5
StudyVisitGroupSoa = 2.16.840.1.113883.4.642.40.224.42.6
StudyVisitSoa = 2.16.840.1.113883.4.642.40.224.42.7
soaPlanDefinition = 2.16.840.1.113883.4.642.40.224.42.8
soaTimepoint = 2.16.840.1.113883.4.642.40.224.42.9
soaTransition = 2.16.840.1.113883.4.642.40.224.42.10
PlannedStudyVisitGroupSoa = 2.16.840.1.113883.4.642.40.64.42.11

[ActivityDefinition]
H2Q-MC-LZZT-Vital-Signs-Temperature = 2.16.840.1.113883.4.642.40.224.11.1

[PlanDefinition]
3f8af28a-6333-45d6-ad9b-2a11982061cd = 2.16.840.1.113883.4.642.40.224.34.1
H2Q-MC-LZZT-ProtocolDesign = 2.16.840.1.113883.4.642.40.224.34.2
H2Q-MC-LZZT-Study-Visit-1 = 2.16.840.1.113883.4.642.40.224.34.3
H2Q-MC-LZZT-Study-Visit-3 = 2.16.840.1.113883.4.642.40.224.34.4
dynamic-visit-schedule-exit-example-PlanDefinition = 2.16.840.1.113883.4.642.40.224.34.5
dynamic-visit-schedule-multiple-paths = 2.16.840.1.113883.4.642.40.224.34.6
dynamic-visit-schedules-cycles-scheduled-interactions = 2.16.840.1.113883.4.642.40.64.34.7
Levothroxine-Monitoring-Schedule = 2.16.840.1.113883.4.642.40.64.34.8
Levothroxine-Monitoring-Titration-Activities = 2.16.840.1.113883.4.642.40.64.34.9

